<Segment xsi:type="cbf:TreeSegment">
  <Name>Left.hand.sForearm</Name>
  <Frame xsi:type="cbf:MatrixFrame">
	 <Matrix xsi:type="cbf:BoostMatrix">
      <String>[4,4]((-1.11022e-16,5.55112e-17,1,1.39715e-14),(-0.956305,-0.292372,-5.55112e-17,-2.88233e-15),(0.292372,-0.956305,1.11022e-16,-5.15573e-15),(0,0,0,1))</String>
	 </Matrix>
  </Frame>
  <Joint xsi:type="cbf:Joint"><Type>Rotational</Type><Axis>X</Axis></Joint>
  <Segment xsi:type="cbf:TreeSegment">
	 <Name>Left.hand.WR2</Name>
	 <Frame xsi:type="cbf:MatrixFrame">
      <Matrix xsi:type="cbf:BoostMatrix">
		  <String>[4,4]((-4.44089e-16,-2.22045e-16,1,-2.70964e-15),(-1,-2.22045e-16,-4.44089e-16,-6.22419e-15),(2.22045e-16,-1,-2.22045e-16,41.5),(0,0,0,1))</String>
      </Matrix>
	 </Frame>
	 <Joint xsi:type="cbf:Joint"><Type>None</Type><Axis>RotX</Axis></Joint>
	 <Segment xsi:type="cbf:TreeSegment">
      <Name>Left.hand.sWrist</Name>
      <Frame xsi:type="cbf:MatrixFrame">
		  <Matrix xsi:type="cbf:BoostMatrix">
			 <String>[4,4]((-4.44089e-16,-2.22045e-16,-1,2.83801e-15),(1.28056e-16,1,-2.22045e-16,1.79023e-15),(1,-1.28056e-16,-4.44089e-16,2.70964e-15),(0,0,0,1))</String>
		  </Matrix>
      </Frame>
      <Joint xsi:type="cbf:Joint"><Type>Rotational</Type><Axis>X</Axis></Joint>
      <Segment xsi:type="cbf:TreeSegment">
		  <Name>Left.hand.WR1</Name>
		  <Frame xsi:type="cbf:MatrixFrame">
			 <Matrix xsi:type="cbf:BoostMatrix">
            <String>[4,4]((1,6.03659e-33,-1.30018e-32,2.87964e-16),(6.03659e-33,-1,-2.22045e-16,-3.4),(-1.30018e-32,2.22045e-16,-1,4.51028e-15),(0,0,0,1))</String>
			 </Matrix>
		  </Frame>
		  <Joint xsi:type="cbf:Joint"><Type>None</Type><Axis>RotX</Axis></Joint>
		  <Segment xsi:type="cbf:TreeSegment">
			 <Name>Left.hand.palm</Name>
			 <Frame xsi:type="cbf:MatrixFrame">
            <Matrix xsi:type="cbf:BoostMatrix">
				  <String>[4,4]((1,1.47153e-32,2.12341e-16,-2.73045e-15),(3.24339e-32,1,-2.22045e-16,5.96181e-15),(-2.12341e-16,2.22045e-16,1,6.66242e-17),(0,0,0,1))</String>
            </Matrix>
			 </Frame>
			 <Joint xsi:type="cbf:Joint"><Type>Rotational</Type><Axis>X</Axis></Joint>
			 <Segment xsi:type="cbf:TreeSegment">
            <Name>Left.hand.THJ5</Name>
            <Frame xsi:type="cbf:MatrixFrame">
				  <Matrix xsi:type="cbf:BoostMatrix">
					 <String>[4,4]((0.707107,0.691141,0.149414,-3.14),(-0.707107,0.691141,0.149414,3),(5.55112e-17,-0.211303,0.977421,0.85),(0,0,0,1))</String>
				  </Matrix>
            </Frame>
            <Joint xsi:type="cbf:Joint"><Type>None</Type><Axis>RotX</Axis></Joint>
            <Segment xsi:type="cbf:TreeSegment">
				  <Name>Left.hand.th5</Name>
				  <Frame xsi:type="cbf:MatrixFrame">
					 <Matrix xsi:type="cbf:BoostMatrix">
                  <String>[4,4]((-4.996e-16,6.66134e-16,-1,-1.07553e-16),(-0.977421,-0.211303,3.33067e-16,1.03226e-15),(-0.211303,0.977421,7.21645e-16,-3.19865e-15),(0,0,0,1))</String>
					 </Matrix>
				  </Frame>
				  <Joint xsi:type="cbf:Joint"><Type>Rotational</Type><Axis>X</Axis></Joint>
				  <Segment xsi:type="cbf:TreeSegment">
					 <Name>Left.hand.THJ4</Name>
					 <Frame xsi:type="cbf:MatrixFrame">
                  <Matrix xsi:type="cbf:BoostMatrix">
						  <String>[4,4]((1,-1.50663e-16,7.63128e-17,3.33067e-16),(-1.06425e-16,-0.211303,0.977421,3.34455e-15),(-1.31136e-16,-0.977421,-0.211303,-1.07553e-16),(0,0,0,1))</String>
                  </Matrix>
					 </Frame>
					 <Joint xsi:type="cbf:Joint"><Type>None</Type><Axis>RotX</Axis></Joint>
					 <Segment xsi:type="cbf:TreeSegment">
                  <Name>Left.hand.th4</Name>
                  <Frame xsi:type="cbf:MatrixFrame">
						  <Matrix xsi:type="cbf:BoostMatrix">
							 <String>[4,4]((1,-1.06425e-16,-1.31136e-16,-3.33067e-16),(-1.50663e-16,-0.211303,-0.977421,-3.69149e-15),(7.63128e-17,0.977421,-0.211303,-4.21538e-15),(0,0,0,1))</String>
						  </Matrix>
                  </Frame>
                  <Joint xsi:type="cbf:Joint"><Type>Rotational</Type><Axis>X</Axis></Joint>
                  <Segment xsi:type="cbf:TreeSegment">
						  <Name>Left.hand.THJ3</Name>
						  <Frame xsi:type="cbf:MatrixFrame">
							 <Matrix xsi:type="cbf:BoostMatrix">
                        <String>[4,4]((-1,1.09964e-16,-7.68229e-17,-6.07153e-16),(-5.18526e-17,0.211303,0.977421,8.61811e-15),(1.23714e-16,0.977421,-0.211303,3.75),(0,0,0,1))</String>
							 </Matrix>
						  </Frame>
						  <Joint xsi:type="cbf:Joint"><Type>None</Type><Axis>RotX</Axis></Joint>
						  <Segment xsi:type="cbf:TreeSegment">
							 <Name>Left.hand.th3</Name>
							 <Frame xsi:type="cbf:MatrixFrame">
                        <Matrix xsi:type="cbf:BoostMatrix">
								  <String>[4,4]((-1,-5.18526e-17,1.23714e-16,-6.07153e-16),(1.09964e-16,0.211303,0.977421,1.48527e-15),(-7.68229e-17,0.977421,-0.211303,5.40085e-15),(0,0,0,1))</String>
                        </Matrix>
							 </Frame>
							 <Joint xsi:type="cbf:Joint"><Type>Rotational</Type><Axis>X</Axis></Joint>
							 <Segment xsi:type="cbf:TreeSegment">
                        <Name>Left.hand.THJ2</Name>
                        <Frame xsi:type="cbf:MatrixFrame">
								  <Matrix xsi:type="cbf:BoostMatrix">
									 <String>[4,4]((-2.77556e-16,-0.707107,-0.707107,-6.07153e-16),(-1,2.77556e-16,1.11022e-16,-5.59275e-15),(1.11022e-16,0.707107,-0.707107,-3.10516e-16),(0,0,0,1))</String>
								  </Matrix>
                        </Frame>
                        <Joint xsi:type="cbf:Joint"><Type>None</Type><Axis>RotX</Axis></Joint>
                        <Segment xsi:type="cbf:TreeSegment">
								  <Name>Left.hand.th2</Name>
								  <Frame xsi:type="cbf:MatrixFrame">
									 <Matrix xsi:type="cbf:BoostMatrix">
                              <String>[4,4]((-2.77556e-16,-1,1.11022e-16,8.61811e-15),(-0.707107,2.77556e-16,0.707107,1.16432e-15),(-0.707107,1.11022e-16,-0.707107,-2.0666e-15),(0,0,0,1))</String>
									 </Matrix>
								  </Frame>
								  <Joint xsi:type="cbf:Joint"><Type>Rotational</Type><Axis>X</Axis></Joint>
								  <Segment xsi:type="cbf:TreeSegment">
									 <Name>Left.hand.THJ1</Name>
									 <Frame xsi:type="cbf:MatrixFrame">
                              <Matrix xsi:type="cbf:BoostMatrix">
										  <String>[4,4]((-2.77556e-16,-0.707107,-0.707107,-3.3723e-15),(-1,2.77556e-16,1.11022e-16,8.6875e-15),(1.11022e-16,0.707107,-0.707107,3.25),(0,0,0,1))</String>
                              </Matrix>
									 </Frame>
									 <Joint xsi:type="cbf:Joint"><Type>None</Type><Axis>RotX</Axis></Joint>
									 <Segment xsi:type="cbf:TreeSegment">
                              <Name>Left.hand.th1</Name>
                              <Frame xsi:type="cbf:MatrixFrame">
										  <Matrix xsi:type="cbf:BoostMatrix">
											 <String>[4,4]((-2.77556e-16,-1,1.11022e-16,-5.52336e-15),(-0.707107,2.77556e-16,0.707107,3.02048e-15),(-0.707107,1.11022e-16,-0.707107,2.36801e-15),(0,0,0,1))</String>
										  </Matrix>
                              </Frame>
                              <Joint xsi:type="cbf:Joint"><Type>Rotational</Type><Axis>X</Axis></Joint>
									 </Segment>
								  </Segment>
                        </Segment>
							 </Segment>
						  </Segment>
                  </Segment>
					 </Segment>
				  </Segment>
            </Segment>
			 </Segment>
			 <Segment xsi:type="cbf:TreeSegment">
            <Name>Left.hand.FFJ4</Name>
            <Frame xsi:type="cbf:MatrixFrame">
				  <Matrix xsi:type="cbf:BoostMatrix">
					 <String>[4,4]((-4.44089e-16,-7.71562e-18,1,-3.3),(-2.22045e-16,-1,-7.71562e-18,9.4),(1,-2.22045e-16,4.44089e-16,-4.32987e-15),(0,0,0,1))</String>
				  </Matrix>
            </Frame>
            <Joint xsi:type="cbf:Joint"><Type>None</Type><Axis>RotX</Axis></Joint>
            <Segment xsi:type="cbf:TreeSegment">
				  <Name>Left.hand.ff4</Name>
				  <Frame xsi:type="cbf:MatrixFrame">
					 <Matrix xsi:type="cbf:BoostMatrix">
                  <String>[4,4]((-4.44089e-16,-1,-2.22045e-16,2.01922e-15),(2.22045e-16,2.22045e-16,-1,2.52576e-15),(1,-4.44089e-16,2.22045e-16,-2.46678e-15),(0,0,0,1))</String>
					 </Matrix>
				  </Frame>
				  <Joint xsi:type="cbf:Joint"><Type>Rotational</Type><Axis>X</Axis></Joint>
				  <Segment xsi:type="cbf:TreeSegment">
					 <Name>Left.hand.FFJ3</Name>
					 <Frame xsi:type="cbf:MatrixFrame">
                  <Matrix xsi:type="cbf:BoostMatrix">
						  <String>[4,4]((1,3.01342e-32,-2.7767e-32,2.46678e-15),(-2.7767e-32,1.11022e-16,-1,2.01922e-15),(-3.01342e-32,1,1.11022e-16,2.52576e-15),(0,0,0,1))</String>
                  </Matrix>
					 </Frame>
					 <Joint xsi:type="cbf:Joint"><Type>None</Type><Axis>RotX</Axis></Joint>
					 <Segment xsi:type="cbf:TreeSegment">
                  <Name>Left.hand.ff3</Name>
                  <Frame xsi:type="cbf:MatrixFrame">
						  <Matrix xsi:type="cbf:BoostMatrix">
							 <String>[4,4]((1,-2.7767e-32,-3.01342e-32,-2.46678e-15),(3.01342e-32,1.11022e-16,1,4.5),(-2.7767e-32,-1,1.11022e-16,4.01762e-15),(0,0,0,1))</String>
						  </Matrix>
                  </Frame>
                  <Joint xsi:type="cbf:Joint"><Type>Rotational</Type><Axis>X</Axis></Joint>
                  <Segment xsi:type="cbf:TreeSegment">
						  <Name>Left.hand.FFJ2</Name>
						  <Frame xsi:type="cbf:MatrixFrame">
							 <Matrix xsi:type="cbf:BoostMatrix">
                        <String>[4,4]((1,3.01342e-32,-2.7767e-32,1.93942e-15),(-2.7767e-32,1.11022e-16,-1,3.85803e-15),(-3.01342e-32,1,1.11022e-16,-6.66134e-16),(0,0,0,1))</String>
							 </Matrix>
						  </Frame>
						  <Joint xsi:type="cbf:Joint"><Type>None</Type><Axis>RotX</Axis></Joint>
						  <Segment xsi:type="cbf:TreeSegment">
							 <Name>Left.hand.ff2</Name>
							 <Frame xsi:type="cbf:MatrixFrame">
                        <Matrix xsi:type="cbf:BoostMatrix">
								  <String>[4,4]((1,-2.7767e-32,-3.01342e-32,-1.93942e-15),(3.01342e-32,1.11022e-16,1,2.5),(-2.7767e-32,-1,1.11022e-16,4.96825e-15),(0,0,0,1))</String>
                        </Matrix>
							 </Frame>
							 <Joint xsi:type="cbf:Joint"><Type>Rotational</Type><Axis>X</Axis></Joint>
							 <Segment xsi:type="cbf:TreeSegment">
                        <Name>Left.hand.FFJ1</Name>
                        <Frame xsi:type="cbf:MatrixFrame">
								  <Matrix xsi:type="cbf:BoostMatrix">
									 <String>[4,4]((1,3.01342e-32,-2.7767e-32,1.64452e-15),(-2.7767e-32,1.11022e-16,-1,4.87804e-15),(-3.01342e-32,1,1.11022e-16,5.55112e-16),(0,0,0,1))</String>
								  </Matrix>
                        </Frame>
                        <Joint xsi:type="cbf:Joint"><Type>None</Type><Axis>RotX</Axis></Joint>
                        <Segment xsi:type="cbf:TreeSegment">
								  <Name>Left.hand.ff1</Name>
								  <Frame xsi:type="cbf:MatrixFrame">
									 <Matrix xsi:type="cbf:BoostMatrix">
                              <String>[4,4]((1,-2.7767e-32,-3.01342e-32,-1.64452e-15),(3.01342e-32,1.11022e-16,1,2.5),(-2.7767e-32,-1,1.11022e-16,5.98827e-15),(0,0,0,1))</String>
									 </Matrix>
								  </Frame>
								  <Joint xsi:type="cbf:Joint"><Type>Rotational</Type><Axis>X</Axis></Joint>
                        </Segment>
							 </Segment>
						  </Segment>
                  </Segment>
					 </Segment>
				  </Segment>
            </Segment>
			 </Segment>
			 <Segment xsi:type="cbf:TreeSegment">
            <Name>Left.hand.MFJ4</Name>
            <Frame xsi:type="cbf:MatrixFrame">
				  <Matrix xsi:type="cbf:BoostMatrix">
					 <String>[4,4]((-4.44089e-16,-7.71562e-18,1,-1.1),(-2.22045e-16,-1,-7.71562e-18,9.8),(1,-2.22045e-16,4.44089e-16,-3.44169e-15),(0,0,0,1))</String>
				  </Matrix>
            </Frame>
            <Joint xsi:type="cbf:Joint"><Type>None</Type><Axis>RotX</Axis></Joint>
            <Segment xsi:type="cbf:TreeSegment">
				  <Name>Left.hand.mf4</Name>
				  <Frame xsi:type="cbf:MatrixFrame">
					 <Matrix xsi:type="cbf:BoostMatrix">
                  <String>[4,4]((-4.44089e-16,-1,-2.22045e-16,1.20043e-15),(2.22045e-16,2.22045e-16,-1,2.95944e-15),(1,-4.44089e-16,2.22045e-16,2.98025e-15),(0,0,0,1))</String>
					 </Matrix>
				  </Frame>
				  <Joint xsi:type="cbf:Joint"><Type>Rotational</Type><Axis>X</Axis></Joint>
				  <Segment xsi:type="cbf:TreeSegment">
					 <Name>Left.hand.MFJ3</Name>
					 <Frame xsi:type="cbf:MatrixFrame">
                  <Matrix xsi:type="cbf:BoostMatrix">
						  <String>[4,4]((1,3.01342e-32,-2.7767e-32,-2.98025e-15),(-2.7767e-32,1.11022e-16,-1,1.20043e-15),(-3.01342e-32,1,1.11022e-16,2.95944e-15),(0,0,0,1))</String>
                  </Matrix>
					 </Frame>
					 <Joint xsi:type="cbf:Joint"><Type>None</Type><Axis>RotX</Axis></Joint>
					 <Segment xsi:type="cbf:TreeSegment">
                  <Name>Left.hand.mf3</Name>
                  <Frame xsi:type="cbf:MatrixFrame">
						  <Matrix xsi:type="cbf:BoostMatrix">
							 <String>[4,4]((1,-2.7767e-32,-3.01342e-32,2.98025e-15),(3.01342e-32,1.11022e-16,1,4.5),(-2.7767e-32,-1,1.11022e-16,3.19883e-15),(0,0,0,1))</String>
						  </Matrix>
                  </Frame>
                  <Joint xsi:type="cbf:Joint"><Type>Rotational</Type><Axis>X</Axis></Joint>
                  <Segment xsi:type="cbf:TreeSegment">
						  <Name>Left.hand.MFJ2</Name>
						  <Frame xsi:type="cbf:MatrixFrame">
							 <Matrix xsi:type="cbf:BoostMatrix">
                        <String>[4,4]((1,3.01342e-32,-2.7767e-32,-3.50761e-15),(-2.7767e-32,1.11022e-16,-1,3.03924e-15),(-3.01342e-32,1,1.11022e-16,-2.22045e-16),(0,0,0,1))</String>
							 </Matrix>
						  </Frame>
						  <Joint xsi:type="cbf:Joint"><Type>None</Type><Axis>RotX</Axis></Joint>
						  <Segment xsi:type="cbf:TreeSegment">
							 <Name>Left.hand.mf2</Name>
							 <Frame xsi:type="cbf:MatrixFrame">
                        <Matrix xsi:type="cbf:BoostMatrix">
								  <String>[4,4]((1,-2.7767e-32,-3.01342e-32,-3.59782e-15),(3.01342e-32,1.11022e-16,1,2.5),(-2.7767e-32,-1,1.11022e-16,4.14946e-15),(0,0,0,1))</String>
                        </Matrix>
							 </Frame>
							 <Joint xsi:type="cbf:Joint"><Type>Rotational</Type><Axis>X</Axis></Joint>
							 <Segment xsi:type="cbf:TreeSegment">
                        <Name>Left.hand.MFJ1</Name>
                        <Frame xsi:type="cbf:MatrixFrame">
								  <Matrix xsi:type="cbf:BoostMatrix">
									 <String>[4,4]((1,3.01342e-32,-2.7767e-32,3.30638e-15),(-2.7767e-32,1.11022e-16,-1,4.05925e-15),(-3.01342e-32,1,1.11022e-16,9.99201e-16),(0,0,0,1))</String>
								  </Matrix>
                        </Frame>
                        <Joint xsi:type="cbf:Joint"><Type>None</Type><Axis>RotX</Axis></Joint>
                        <Segment xsi:type="cbf:TreeSegment">
								  <Name>Left.hand.mf1</Name>
								  <Frame xsi:type="cbf:MatrixFrame">
									 <Matrix xsi:type="cbf:BoostMatrix">
                              <String>[4,4]((1,-2.7767e-32,-3.01342e-32,-3.30638e-15),(3.01342e-32,1.11022e-16,1,2.5),(-2.7767e-32,-1,1.11022e-16,5.16948e-15),(0,0,0,1))</String>
									 </Matrix>
								  </Frame>
								  <Joint xsi:type="cbf:Joint"><Type>Rotational</Type><Axis>X</Axis></Joint>
                        </Segment>
							 </Segment>
						  </Segment>
                  </Segment>
					 </Segment>
				  </Segment>
            </Segment>
			 </Segment>
			 <Segment xsi:type="cbf:TreeSegment">
            <Name>Left.hand.RFJ4</Name>
            <Frame xsi:type="cbf:MatrixFrame">
				  <Matrix xsi:type="cbf:BoostMatrix">
					 <String>[4,4]((-4.44089e-16,7.71562e-18,1,1.1),(2.22045e-16,1,-7.71562e-18,9.8),(-1,2.22045e-16,-4.44089e-16,-1.38778e-15),(0,0,0,1))</String>
				  </Matrix>
            </Frame>
            <Joint xsi:type="cbf:Joint"><Type>None</Type><Axis>RotX</Axis></Joint>
            <Segment xsi:type="cbf:TreeSegment">
				  <Name>Left.hand.rf4</Name>
				  <Frame xsi:type="cbf:MatrixFrame">
					 <Matrix xsi:type="cbf:BoostMatrix">
                  <String>[4,4]((4.44089e-16,1,2.22045e-16,8.18789e-16),(-2.22045e-16,-2.22045e-16,1,-3.21618e-15),(1,-4.44089e-16,2.22045e-16,-2.43208e-15),(0,0,0,1))</String>
					 </Matrix>
				  </Frame>
				  <Joint xsi:type="cbf:Joint"><Type>Rotational</Type><Axis>X</Axis></Joint>
				  <Segment xsi:type="cbf:TreeSegment">
					 <Name>Left.hand.RFJ3</Name>
					 <Frame xsi:type="cbf:MatrixFrame">
                  <Matrix xsi:type="cbf:BoostMatrix">
						  <String>[4,4]((1,3.01342e-32,-2.7767e-32,2.43208e-15),(-2.7767e-32,1.11022e-16,-1,-8.18789e-16),(-3.01342e-32,1,1.11022e-16,3.21618e-15),(0,0,0,1))</String>
                  </Matrix>
					 </Frame>
					 <Joint xsi:type="cbf:Joint"><Type>None</Type><Axis>RotX</Axis></Joint>
					 <Segment xsi:type="cbf:TreeSegment">
                  <Name>Left.hand.rf3</Name>
                  <Frame xsi:type="cbf:MatrixFrame">
						  <Matrix xsi:type="cbf:BoostMatrix">
							 <String>[4,4]((1,-2.7767e-32,-3.01342e-32,-2.43208e-15),(3.01342e-32,1.11022e-16,1,4.5),(-2.7767e-32,-1,1.11022e-16,1.17961e-15),(0,0,0,1))</String>
						  </Matrix>
                  </Frame>
                  <Joint xsi:type="cbf:Joint"><Type>Rotational</Type><Axis>X</Axis></Joint>
                  <Segment xsi:type="cbf:TreeSegment">
						  <Name>Left.hand.RFJ2</Name>
						  <Frame xsi:type="cbf:MatrixFrame">
							 <Matrix xsi:type="cbf:BoostMatrix">
                        <String>[4,4]((1,3.01342e-32,-2.7767e-32,1.90473e-15),(-2.7767e-32,1.11022e-16,-1,1.02002e-15),(-3.01342e-32,1,1.11022e-16,0),(0,0,0,1))</String>
							 </Matrix>
						  </Frame>
						  <Joint xsi:type="cbf:Joint"><Type>None</Type><Axis>RotX</Axis></Joint>
						  <Segment xsi:type="cbf:TreeSegment">
							 <Name>Left.hand.rf2</Name>
							 <Frame xsi:type="cbf:MatrixFrame">
                        <Matrix xsi:type="cbf:BoostMatrix">
								  <String>[4,4]((1,-2.7767e-32,-3.01342e-32,-1.90473e-15),(3.01342e-32,1.11022e-16,1,2.5),(-2.7767e-32,-1,1.11022e-16,2.13024e-15),(0,0,0,1))</String>
                        </Matrix>
							 </Frame>
							 <Joint xsi:type="cbf:Joint"><Type>Rotational</Type><Axis>X</Axis></Joint>
							 <Segment xsi:type="cbf:TreeSegment">
                        <Name>Left.hand.RFJ1</Name>
                        <Frame xsi:type="cbf:MatrixFrame">
								  <Matrix xsi:type="cbf:BoostMatrix">
									 <String>[4,4]((1,3.01342e-32,-2.7767e-32,1.61329e-15),(-2.7767e-32,1.11022e-16,-1,2.04003e-15),(-3.01342e-32,1,1.11022e-16,1.22125e-15),(0,0,0,1))</String>
								  </Matrix>
                        </Frame>
                        <Joint xsi:type="cbf:Joint"><Type>None</Type><Axis>RotX</Axis></Joint>
                        <Segment xsi:type="cbf:TreeSegment">
								  <Name>Left.hand.rf1</Name>
								  <Frame xsi:type="cbf:MatrixFrame">
									 <Matrix xsi:type="cbf:BoostMatrix">
                              <String>[4,4]((1,-2.7767e-32,-3.01342e-32,-1.61329e-15),(3.01342e-32,1.11022e-16,1,2.5),(-2.7767e-32,-1,1.11022e-16,3.15026e-15),(0,0,0,1))</String>
									 </Matrix>
								  </Frame>
								  <Joint xsi:type="cbf:Joint"><Type>Rotational</Type><Axis>X</Axis></Joint>
                        </Segment>
							 </Segment>
						  </Segment>
                  </Segment>
					 </Segment>
				  </Segment>
            </Segment>
			 </Segment>
			 <Segment xsi:type="cbf:TreeSegment">
            <Name>Left.hand.LFJ5</Name>
            <Frame xsi:type="cbf:MatrixFrame">
				  <Matrix xsi:type="cbf:BoostMatrix">
					 <String>[4,4]((0.57358,0.79461,0.199001,4.4),(-0.81915,0.556397,0.139344,0.4),(9.71445e-17,-0.242937,0.970042,2.85882e-15),(0,0,0,1))</String>
				  </Matrix>
            </Frame>
            <Joint xsi:type="cbf:Joint"><Type>None</Type><Axis>RotX</Axis></Joint>
            <Segment xsi:type="cbf:TreeSegment">
				  <Name>Left.hand.lf5</Name>
				  <Frame xsi:type="cbf:MatrixFrame">
					 <Matrix xsi:type="cbf:BoostMatrix">
                  <String>[4,4]((0.342016,-1.11022e-16,-0.939694,-1.91778),(-0.911543,-0.242937,-0.33177,4.85991e-07),(-0.228286,0.970042,-0.0830883,1.21711e-07),(0,0,0,1))</String>
					 </Matrix>
				  </Frame>
				  <Joint xsi:type="cbf:Joint"><Type>Rotational</Type><Axis>X</Axis></Joint>
				  <Segment xsi:type="cbf:TreeSegment">
					 <Name>Left.hand.LFJ4</Name>
					 <Frame xsi:type="cbf:MatrixFrame">
                  <Matrix xsi:type="cbf:BoostMatrix">
						  <String>[4,4]((1.80411e-16,-0.819152,-0.573576,-5.4302),(-1,-4.16334e-17,-2.22045e-16,1.249e-14),(2.22045e-16,0.573576,-0.819152,3.80227),(0,0,0,1))</String>
                  </Matrix>
					 </Frame>
					 <Joint xsi:type="cbf:Joint"><Type>None</Type><Axis>RotX</Axis></Joint>
					 <Segment xsi:type="cbf:TreeSegment">
                  <Name>Left.hand.lf4</Name>
                  <Frame xsi:type="cbf:MatrixFrame">
						  <Matrix xsi:type="cbf:BoostMatrix">
							 <String>[4,4]((4.44089e-16,1,2.22045e-16,3.32373e-15),(-2.22045e-16,-2.22045e-16,1,-2.93862e-15),(1,-4.44089e-16,2.22045e-16,-8.88178e-16),(0,0,0,1))</String>
						  </Matrix>
                  </Frame>
                  <Joint xsi:type="cbf:Joint"><Type>Rotational</Type><Axis>X</Axis></Joint>
                  <Segment xsi:type="cbf:TreeSegment">
						  <Name>Left.hand.LFJ3</Name>
						  <Frame xsi:type="cbf:MatrixFrame">
							 <Matrix xsi:type="cbf:BoostMatrix">
                        <String>[4,4]((1,3.01342e-32,-2.7767e-32,8.88178e-16),(-2.7767e-32,1.11022e-16,-1,-3.32373e-15),(-3.01342e-32,1,1.11022e-16,2.93862e-15),(0,0,0,1))</String>
							 </Matrix>
						  </Frame>
						  <Joint xsi:type="cbf:Joint"><Type>None</Type><Axis>RotX</Axis></Joint>
						  <Segment xsi:type="cbf:TreeSegment">
							 <Name>Left.hand.lf3</Name>
							 <Frame xsi:type="cbf:MatrixFrame">
                        <Matrix xsi:type="cbf:BoostMatrix">
								  <String>[4,4]((1,-2.7767e-32,-3.01342e-32,-8.88178e-16),(3.01342e-32,1.11022e-16,1,4.5),(-2.7767e-32,-1,1.11022e-16,-1.32533e-15),(0,0,0,1))</String>
                        </Matrix>
							 </Frame>
							 <Joint xsi:type="cbf:Joint"><Type>Rotational</Type><Axis>X</Axis></Joint>
							 <Segment xsi:type="cbf:TreeSegment">
                        <Name>Left.hand.LFJ2</Name>
                        <Frame xsi:type="cbf:MatrixFrame">
								  <Matrix xsi:type="cbf:BoostMatrix">
									 <String>[4,4]((1,3.01342e-32,-2.7767e-32,3.60822e-16),(-2.7767e-32,1.11022e-16,-1,-1.48492e-15),(-3.01342e-32,1,1.11022e-16,-2.22045e-16),(0,0,0,1))</String>
								  </Matrix>
                        </Frame>
                        <Joint xsi:type="cbf:Joint"><Type>None</Type><Axis>RotX</Axis></Joint>
                        <Segment xsi:type="cbf:TreeSegment">
								  <Name>Left.hand.lf2</Name>
								  <Frame xsi:type="cbf:MatrixFrame">
									 <Matrix xsi:type="cbf:BoostMatrix">
                              <String>[4,4]((1,-2.7767e-32,-3.01342e-32,-3.60822e-16),(3.01342e-32,1.11022e-16,1,2.5),(-2.7767e-32,-1,1.11022e-16,-3.747e-16),(0,0,0,1))</String>
									 </Matrix>
								  </Frame>
								  <Joint xsi:type="cbf:Joint"><Type>Rotational</Type><Axis>X</Axis></Joint>
								  <Segment xsi:type="cbf:TreeSegment">
									 <Name>Left.hand.LFJ1</Name>
									 <Frame xsi:type="cbf:MatrixFrame">
                              <Matrix xsi:type="cbf:BoostMatrix">
										  <String>[4,4]((1,3.01342e-32,-2.7767e-32,6.59195e-17),(-2.7767e-32,1.11022e-16,-1,-4.64906e-16),(-3.01342e-32,1,1.11022e-16,8.88178e-16),(0,0,0,1))</String>
                              </Matrix>
									 </Frame>
									 <Joint xsi:type="cbf:Joint"><Type>None</Type><Axis>RotX</Axis></Joint>
									 <Segment xsi:type="cbf:TreeSegment">
                              <Name>Left.hand.lf1</Name>
                              <Frame xsi:type="cbf:MatrixFrame">
										  <Matrix xsi:type="cbf:BoostMatrix">
											 <String>[4,4]((1,-2.7767e-32,-3.01342e-32,-6.59195e-17),(3.01342e-32,1.11022e-16,1,2.5),(-2.7767e-32,-1,1.11022e-16,6.45317e-16),(0,0,0,1))</String>
										  </Matrix>
                              </Frame>
                              <Joint xsi:type="cbf:Joint"><Type>Rotational</Type><Axis>X</Axis></Joint>
									 </Segment>
								  </Segment>
                        </Segment>
							 </Segment>
						  </Segment>
                  </Segment>
					 </Segment>
				  </Segment>
				</Segment>
			 </Segment>
		  </Segment>
		</Segment>
	 </Segment>
  </Segment>
</Segment>
